threshold_corner: 40
threshold_default: 19
F1 Score: 93.88323537869273
Recall: 92.09027354214162
Precision: 95.74740004701384
