threshold_corner: 84
threshold_default: 35
F1 Score: 66.58996785101044
Recall: 78.2941116224309
Precision: 99.65564767201874
